1 0.338942 0.213742 0.127885 0.121348
0 0.663462 0.558341 0.076923 0.113570
0 0.306090 0.825468 0.031410 0.036301
0 0.344872 0.858139 0.020513 0.033189
0 0.344872 0.950965 0.024359 0.036301
0 0.346154 0.903774 0.023077 0.033189
0 0.325321 0.901700 0.026282 0.039412
0 0.237821 0.903774 0.025641 0.035264
0 0.261538 0.902218 0.024359 0.036301
0 0.235256 0.949409 0.026923 0.037338
0 0.325962 0.947335 0.021154 0.037338
0 0.304487 0.942149 0.023077 0.037338
0 0.280769 0.944224 0.020513 0.039412
0 0.260577 0.947335 0.021154 0.041487