1 0.466346 0.178203 0.040385 0.054083
1 0.642308 0.202541 0.034615 0.043267
1 0.744231 0.266089 0.026923 0.045971
0 0.076923 0.581966 0.032389 0.076855
0 0.111083 0.529305 0.029858 0.071162
0 0.156377 0.525036 0.025304 0.074009
0 0.297318 0.510092 0.031883 0.081125
0 0.339828 0.548519 0.025810 0.072586
0 0.399038 0.483050 0.025810 0.072586
0 0.514423 0.474510 0.025810 0.075432
0 0.548077 0.548519 0.026316 0.069739
0 0.719889 0.459566 0.024798 0.071162
0 0.851468 0.480203 0.023785 0.061200
0 0.902328 0.443199 0.030364 0.095358